(-0.42,-0.42, 0.00) (1.00, 0.00, 0.00, 1.00)
(-0.30,-0.30, 0.00) (1.00, 0.00, 0.00, 1.00)
( 0.00, 0.00, 0.00) (1.00, 0.00, 0.00, 1.00)
(-0.30,-0.30, 0.00) (1.00, 0.00, 0.00, 1.00)
(-0.26,-0.30, 0.00) (1.00, 0.00, 0.00, 1.00)
( 0.00, 0.00, 0.00) (1.00, 0.00, 0.00, 1.00)
(-0.26,-0.30, 0.00) (1.00, 0.00, 0.00, 1.00)
(-0.14,-0.42, 0.00) (1.00, 0.00, 0.00, 1.00)
( 0.00, 0.00, 0.00) (1.00, 0.00, 0.00, 1.00)
(-0.14,-0.42, 0.00) (1.00, 0.00, 0.00, 1.00)
(-0.02,-0.30, 0.00) (1.00, 0.00, 0.00, 1.00)
( 0.00, 0.00, 0.00) (1.00, 0.00, 0.00, 1.00)
(-0.02,-0.30, 0.00) (1.00, 0.00, 0.00, 1.00)
( 0.02,-0.30, 0.00) (1.00, 0.00, 0.00, 1.00)
( 0.00, 0.00, 0.00) (1.00, 0.00, 0.00, 1.00)
( 0.02,-0.30, 0.00) (1.00, 0.00, 0.00, 1.00)
( 0.14,-0.42, 0.00) (1.00, 0.00, 0.00, 1.00)
( 0.00, 0.00, 0.00) (1.00, 0.00, 0.00, 1.00)
( 0.14,-0.42, 0.00) (1.00, 0.00, 0.00, 1.00)
( 0.26,-0.30, 0.00) (1.00, 0.00, 0.00, 1.00)
( 0.00, 0.00, 0.00) (1.00, 0.00, 0.00, 1.00)
( 0.26,-0.30, 0.00) (1.00, 0.00, 0.00, 1.00)
( 0.30,-0.30, 0.00) (1.00, 0.00, 0.00, 1.00)
( 0.00, 0.00, 0.00) (1.00, 0.00, 0.00, 1.00)
( 0.30,-0.30, 0.00) (1.00, 0.00, 0.00, 1.00)
( 0.42,-0.42, 0.00) (1.00, 0.00, 0.00, 1.00)
( 0.00, 0.00, 0.00) (1.00, 0.00, 0.00, 1.00)
( 0.42,-0.42, 0.00) (1.00, 0.00, 0.00, 1.00)
( 0.42, 0.06, 0.00) (1.00, 0.00, 0.00, 1.00)
( 0.00, 0.00, 0.00) (1.00, 0.00, 0.00, 1.00)
( 0.42, 0.06, 0.00) (1.00, 0.00, 0.00, 1.00)
( 0.38, 0.22, 0.00) (1.00, 0.00, 0.00, 1.00)
( 0.00, 0.00, 0.00) (1.00, 0.00, 0.00, 1.00)
( 0.38, 0.22, 0.00) (1.00, 0.00, 0.00, 1.00)
( 0.26, 0.34, 0.00) (1.00, 0.00, 0.00, 1.00)
( 0.00, 0.00, 0.00) (1.00, 0.00, 0.00, 1.00)
( 0.26, 0.34, 0.00) (1.00, 0.00, 0.00, 1.00)
( 0.10, 0.42, 0.00) (1.00, 0.00, 0.00, 1.00)
( 0.00, 0.00, 0.00) (1.00, 0.00, 0.00, 1.00)
( 0.10, 0.42, 0.00) (1.00, 0.00, 0.00, 1.00)
(-0.10, 0.42, 0.00) (1.00, 0.00, 0.00, 1.00)
( 0.00, 0.00, 0.00) (1.00, 0.00, 0.00, 1.00)
(-0.10, 0.42, 0.00) (1.00, 0.00, 0.00, 1.00)
(-0.26, 0.34, 0.00) (1.00, 0.00, 0.00, 1.00)
( 0.00, 0.00, 0.00) (1.00, 0.00, 0.00, 1.00)
(-0.26, 0.34, 0.00) (1.00, 0.00, 0.00, 1.00)
(-0.38, 0.22, 0.00) (1.00, 0.00, 0.00, 1.00)
( 0.00, 0.00, 0.00) (1.00, 0.00, 0.00, 1.00)
(-0.38, 0.22, 0.00) (1.00, 0.00, 0.00, 1.00)
(-0.42, 0.06, 0.00) (1.00, 0.00, 0.00, 1.00)
( 0.00, 0.00, 0.00) (1.00, 0.00, 0.00, 1.00)
(-0.42, 0.06, 0.00) (1.00, 0.00, 0.00, 1.00)
(-0.42,-0.42, 0.00) (1.00, 0.00, 0.00, 1.00)
( 0.00, 0.00, 0.00) (1.00, 0.00, 0.00, 1.00)