( 0.22, 0.08, 0.00) (0.00, 0.00, 1.00, 1.00)
( 0.16, 0.08, 0.00) (0.00, 0.00, 1.00, 1.00)
( 0.20, 0.12, 0.00) (0.00, 0.00, 1.00, 1.00)
( 0.16, 0.08, 0.00) (0.00, 0.00, 1.00, 1.00)
( 0.16, 0.16, 0.00) (0.00, 0.00, 1.00, 1.00)
( 0.20, 0.12, 0.00) (0.00, 0.00, 1.00, 1.00)
( 0.16, 0.16, 0.00) (0.00, 0.00, 1.00, 1.00)
( 0.22, 0.16, 0.00) (0.00, 0.00, 1.00, 1.00)
( 0.20, 0.12, 0.00) (0.00, 0.00, 1.00, 1.00)
( 0.22, 0.16, 0.00) (0.00, 0.00, 1.00, 1.00)
( 0.22, 0.08, 0.00) (0.00, 0.00, 1.00, 1.00)
( 0.20, 0.12, 0.00) (0.00, 0.00, 1.00, 1.00)