( 0.10, 0.00, 0.00) (1.00, 1.00, 1.00, 1.00)
( 0.22, 0.00, 0.00) (1.00, 1.00, 1.00, 1.00)
( 0.14, 0.14, 0.00) (1.00, 1.00, 1.00, 1.00)
( 0.20, 0.00, 0.00) (1.00, 1.00, 1.00, 1.00)
( 0.24, 0.06, 0.00) (1.00, 1.00, 1.00, 1.00)
( 0.14, 0.14, 0.00) (1.00, 1.00, 1.00, 1.00)
( 0.24, 0.04, 0.00) (1.00, 1.00, 1.00, 1.00)
( 0.24, 0.20, 0.00) (1.00, 1.00, 1.00, 1.00)
( 0.14, 0.14, 0.00) (1.00, 1.00, 1.00, 1.00)
( 0.24, 0.20, 0.00) (1.00, 1.00, 1.00, 1.00)
( 0.20, 0.28, 0.00) (1.00, 1.00, 1.00, 1.00)
( 0.14, 0.14, 0.00) (1.00, 1.00, 1.00, 1.00)
( 0.20, 0.28, 0.00) (1.00, 1.00, 1.00, 1.00)
( 0.12, 0.28, 0.00) (1.00, 1.00, 1.00, 1.00)
( 0.14, 0.14, 0.00) (1.00, 1.00, 1.00, 1.00)
( 0.12, 0.28, 0.00) (1.00, 1.00, 1.00, 1.00)
( 0.06, 0.22, 0.00) (1.00, 1.00, 1.00, 1.00)
( 0.14, 0.14, 0.00) (1.00, 1.00, 1.00, 1.00)
( 0.06, 0.22, 0.00) (1.00, 1.00, 1.00, 1.00)
( 0.06, 0.04, 0.00) (1.00, 1.00, 1.00, 1.00)
( 0.14, 0.14, 0.00) (1.00, 1.00, 1.00, 1.00)
( 0.06, 0.04, 0.00) (1.00, 1.00, 1.00, 1.00)
( 0.10, 0.00, 0.00) (1.00, 1.00, 1.00, 1.00)
( 0.14, 0.14, 0.00) (1.00, 1.00, 1.00, 1.00)