( 0.12, 0.08, 0.00) (0.00, 0.00, 1.00, 1.00)
( 0.06, 0.08, 0.00) (0.00, 0.00, 1.00, 1.00)
( 0.10, 0.12, 0.00) (0.00, 0.00, 1.00, 1.00)
( 0.06, 0.08, 0.00) (0.00, 0.00, 1.00, 1.00)
( 0.06, 0.16, 0.00) (0.00, 0.00, 1.00, 1.00)
( 0.10, 0.12, 0.00) (0.00, 0.00, 1.00, 1.00)
( 0.06, 0.16, 0.00) (0.00, 0.00, 1.00, 1.00)
( 0.12, 0.16, 0.00) (0.00, 0.00, 1.00, 1.00)
( 0.10, 0.12, 0.00) (0.00, 0.00, 1.00, 1.00)
( 0.12, 0.16, 0.00) (0.00, 0.00, 1.00, 1.00)
( 0.12, 0.08, 0.00) (0.00, 0.00, 1.00, 1.00)
( 0.10, 0.12, 0.00) (0.00, 0.00, 1.00, 1.00)